 -1.0476049e+000  3.4489374e-001  1.0000000e+000
  1.1479288e+000  3.2594005e-002  0.0000000e+000
  1.2933962e+000 -1.1034215e+000  0.0000000e+000
 -8.4622238e-001  1.1391541e+000  1.0000000e+000
  1.3842194e+000 -4.6194233e-001  0.0000000e+000
 -9.2460234e-001  8.1859148e-001  1.0000000e+000
 -1.6064437e+000  1.9048689e-001  1.0000000e+000
  1.5781638e+000 -2.8035313e-001  0.0000000e+000
 -4.8278960e-001  1.0371566e+000  1.0000000e+000
  1.9332045e+000 -1.1305617e+000  0.0000000e+000
 -1.3983816e+000  7.5047338e-001  1.0000000e+000
  1.1463649e+000 -5.4989569e-001  0.0000000e+000
  9.9097063e-001 -1.3377300e+000  0.0000000e+000
  1.0208830e+000 -1.3492667e+000  0.0000000e+000
 -6.7601995e-001  1.2357856e+000  1.0000000e+000
 -6.6843925e-001  5.7662117e-002  1.0000000e+000
 -9.0690011e-001  1.0760605e+000  1.0000000e+000
 -7.3348458e-001  9.5515621e-001  1.0000000e+000
  1.6699584e+000 -1.0401268e-001  0.0000000e+000
 -1.3373882e+000  5.4820722e-001  1.0000000e+000
 -5.6059595e-001  1.4816826e+000  1.0000000e+000
 -5.3441377e-001  1.8398615e+000  1.0000000e+000
  1.4284377e+000 -6.7654115e-001  0.0000000e+000
 -1.6273543e+000 -4.6955965e-002  1.0000000e+000
 -1.1870789e+000  8.6562880e-001  1.0000000e+000
 -5.7027721e-001  1.2164819e+000  1.0000000e+000
 -9.9794631e-001  9.1527016e-001  1.0000000e+000
  3.2430136e-001  1.7062982e+000  1.0000000e+000
  9.5939998e-001 -8.1954916e-001  0.0000000e+000
  1.2383223e+000  2.9490622e-001  0.0000000e+000
 -6.0756796e-001  1.5919389e+000  1.0000000e+000
  1.3772837e+000 -4.9627693e-001  0.0000000e+000
  8.3247083e-001 -8.4059134e-001  0.0000000e+000
 -2.3227922e+000  3.6954689e-001  1.0000000e+000
  1.1272670e+000 -8.6253343e-001  0.0000000e+000
 -1.1524282e+000  7.3502498e-001  1.0000000e+000
  7.3844201e-001 -8.5279810e-001  0.0000000e+000
  1.2471571e+000 -1.6696116e-001  0.0000000e+000
  1.8283131e+000 -1.0782855e+000  0.0000000e+000
  1.2589538e+000 -3.3704882e-001  0.0000000e+000
  1.0065713e+000 -9.4037626e-001  0.0000000e+000
  7.8961670e-001 -1.0820306e+000  0.0000000e+000
 -1.8227695e+000 -4.3240716e-001  1.0000000e+000
  1.3744194e+000 -7.7066915e-001  0.0000000e+000
 -1.3638781e+000  1.3346160e+000  1.0000000e+000
 -1.5292903e+000  2.3678681e-001  1.0000000e+000
  1.1768957e+000 -1.4209034e+000  0.0000000e+000
 -1.8882911e+000  3.5163915e-001  1.0000000e+000
  6.0239947e-002 -2.2184532e+000  0.0000000e+000
  1.0320070e+000 -6.1912241e-001  0.0000000e+000
  4.3020100e-001 -1.2040514e+000  0.0000000e+000
  1.1398205e+000 -1.0162488e+000  0.0000000e+000
  1.0542759e+000 -9.6324025e-001  0.0000000e+000
 -1.7722729e+000  1.1946031e-001  1.0000000e+000
 -1.4885379e+000  1.2650068e+000  1.0000000e+000
 -1.2844790e+000  1.2644714e+000  1.0000000e+000
 -1.2980807e+000  1.0359226e+000  1.0000000e+000
 -9.7377352e-001  9.2396045e-001  1.0000000e+000
  1.0335366e+000 -8.6732727e-001  0.0000000e+000
  8.5208291e-001 -2.6378104e-002  0.0000000e+000
 -1.0843855e+000  8.6499722e-001  1.0000000e+000
  5.0728962e-001 -5.9536305e-001  0.0000000e+000
  7.4672628e-002 -1.2309189e+000  0.0000000e+000
  1.9259230e-001 -2.6456195e+000  0.0000000e+000
  7.4497142e-001 -8.0169811e-001  0.0000000e+000
  3.6516748e-001 -1.6049244e+000  0.0000000e+000
  1.6228518e+000 -2.8297091e-001  0.0000000e+000
 -8.7385653e-001  1.3243116e+000  1.0000000e+000
  1.6386285e+000 -7.1824251e-001  0.0000000e+000
 -1.5915138e+000  5.6965308e-001  1.0000000e+000
  1.3313253e+000 -1.5605178e+000  0.0000000e+000
  6.4508301e-001 -1.1046782e+000  0.0000000e+000
 -1.7299339e+000 -1.6876322e-002  1.0000000e+000
 -7.7424664e-001  2.1117401e+000  1.0000000e+000
  2.4919715e-001 -8.9998998e-001  0.0000000e+000
 -1.0847626e+000  1.5420899e+000  1.0000000e+000
 -1.5645157e+000  3.7339273e-001  1.0000000e+000
 -1.1153478e+000  9.0512592e-001  1.0000000e+000
 -1.2782987e+000  6.6436395e-001  1.0000000e+000
  1.4523916e+000 -1.0095539e+000  0.0000000e+000
 -8.8856933e-001  6.2509961e-001  1.0000000e+000
 -1.6705649e+000  4.8069895e-001  1.0000000e+000
 -4.7779755e-001  1.4125076e+000  1.0000000e+000
 -1.9064518e+000 -3.2415894e-001  1.0000000e+000
  5.6119391e-002  1.9829982e+000  1.0000000e+000
 -9.2497760e-001  6.2351181e-001  1.0000000e+000
 -1.0714521e+000  8.7691661e-001  1.0000000e+000
 -6.3698488e-001  1.3970954e+000  1.0000000e+000
  3.8316268e-001 -9.5929794e-001  0.0000000e+000
 -1.2585950e+000  7.7607840e-001  1.0000000e+000
  1.2159558e+000 -9.0427176e-001  0.0000000e+000
 -1.2567016e+000  9.5324727e-001  1.0000000e+000
  8.2077873e-001 -1.0450982e+000  0.0000000e+000
  1.1966966e+000 -7.5118116e-001  0.0000000e+000
  5.0127675e-001 -1.3589535e+000  0.0000000e+000
  8.7020862e-001 -1.6548332e+000  0.0000000e+000
  1.3290605e+000  5.0041338e-001  0.0000000e+000
 -1.1218546e+000  4.1615732e-001  1.0000000e+000
  1.2545890e+000 -8.3010419e-001  0.0000000e+000
  1.4871383e+000 -1.1801018e+000  0.0000000e+000
